1
20
狐 fox
54,142,141,1,2
126,91,94,3,2
384,53,53,4,1
アヒルの家族 duck
54,142,142,1,0
126,91,94,3,3
384,53,53,4,2
自走式掘削機 excavators
44,116,104,2,0
140,64,59,0,1
320,40,41,0,3
ブルーベリーケーキ cake
45,142,144,1,0
112,91,90,3,0
336,53,51,4,3
ラテアート latte-art
54,142,142,1,0
126,91,94,3,3
384,53,53,4,2
薪 firewood
54,142,142,1,0
126,91,94,3,3
384,53,53,4,2
プルメリア frangipani
54,142,142,1,0
126,91,94,3,3
384,53,53,4,2
波のトンネル beach
63,142,137,1,0
154,91,87,3,1
432,53,53,4,3
レイヨウの渓谷 antelope
77,116,111,2,1
240,64,65,0,0
608,40,41,0,0
パラグライダー paraglider
77,116,122,2,0
260,64,65,0,5
672,40,40,0,7
香港の夜景 skyscrapers
77,116,121,2,3
260,64,65,0,4
672,40,40,0,6
ライヒ裁判所 supreme
77,116,121,2,2
260,64,65,0,3
672,40,40,0,5
ラーメン noodle-soup
88,116,120,2,0
300,64,64,0,0
768,40,40,0,0
スタジアム audience
84,137,147,1,1
420,64,63,0,1
1056,40,40,0,2
八坂神社 japan
112,137,134,1,2
510,64,63,0,2
1248,40,41,0,5
色見本 color-fan
126,137,142,1,1
600,64,64,0,0
1536,40,40,0,0
腕時計 watch
126,137,142,1,1
600,64,64,0,0
1536,40,40,0,0
コックピット cockpit
126,137,134,1,1
570,64,63,0,5
1440,40,40,0,4
リビング living-room
126,137,142,1,1
600,64,64,0,0
1536,40,40,0,0
高速道路 architecture
154,137,130,1,4
660,64,65,0,4
1680,40,41,0,2